-79044
16536
510
15804
99679
-86764
86588
62721
-25467
-70098
-46021
83238
-27731
60110
18188
-92491
-14808
65776
40690
-3733
37323
-82060
58022
69474
86229
8225
-48679
-8927
90084
-28882
-31892
-90352
-3534
-42306
55315
55618
38970
62756
24803
19148
90231
37346
-34714
43987
89807
48816
46579
-50444
80268
18589
-91318
-75122
-72930
-17196
-17056
-68616
-2556
-63647
-51635
-25441
47670
36424
32162
-89502
-59239
-67683
-24944
-92324
32537
-7840
-24494
-32864
-69471
-86688
-21406
83327
-85033
-25122
83046
-25380
-40250
-94776
-56766
29982
-13205
-75187
-89770
75102
-65065
39762
48052
-7547
67574
18271
-92883
-76370
-70172
14980
-53158
27681
-70882
-16163
-24990
-33464
-69878
83231
99390
27563
-90491
18151
-33280
35436
-95306
-11580
-80796
-1476
-66281
-86386
87017
73766
-11916
44089
80265
-48018
94086
94976
-24045
-98104
50028
47206
-63122
-15391
-5424
-80530
-58270
84588
-76032
-23918
52035
86408
-84982
-48468
-18229
5939
84028
94797
-89440
20192
39979
-23616
-60616
4741
11032
-69436
27730
-91131
-89987
-98423
4493
-76505
-1357
-16795
66313
-1241
23330
-36511
65963
-44353
-71603
-22655
-52370
-55186
-88250
91705
86522
28329
-95800
-13377
-30196
41692
90000
-22233
14267
59042
-40943
-89286
-600
-86642
59849
65065
84327
-10254
59766
-48523
66005
83386
-71021
3646
-73483
-8406
69673
-77093
-20086
58356
53784
73757
39398
89235
-81710
36096
57152
80728
89469
-26865
7424
49175
-57634
37771
-12579
-26215
-3239
-56643
18350
95341
-69507
-61967
10946
17107
42757
51525
88777
98437
-79420
70400
-62707
79573
-26317
-61976
23337
11943
-60790
20471
99877
-89934
-64079
18589
33737
11904
-59178
-68744
-45287
58721
-83901
-74803
-27082
22683
56549
-68935
-40376
68439
-56716
8608
-35782
37736
-66500
56080
-84045
-69052
78045
62145
53116
-47478
-73926
34010
-37359
-48504
-43283
11088
-19486
31631
76964
15225
-11756
-43154
-92127
-76845
-3744
10572
-99497
22807
96442
1877
69416
-84920
-69026
-83523
-51468
79557
574
12179
35868
47551
96245
42194
-41566
43243
43907
80054
51251
66764
-54745
63991
30936
22059
76221
-60447
-49379
-22133
46062
-57944
-29272
89708
-79446
17588
54757
46880
-9710
40426
-2971
81215
21552
-2391
-73126
-25349
-19544
71495
76481
1385
81699
66470
12069
-82664
80122
-7158
-71339
-83304
-36496
-68404
-78444
-157
-24510
44610
-75850
-38866
64882
-3984
75390
-72881
-11021
8235
44088
93973
85313
-32110
-29640
-20250
-78531
-90349
-72501
-32943
70339
-48807
-41362
-87793
92788
86795
98451
-30629
-87054
-1961
-54924
-92770
-36263
6340
-58639
96800
30766
79846
-9259
39313
20911
-89035
-55930
-63823
-12440
-8600
58000
-24271
-10436
-77346
-65402
40102
-91262
29692
-34120
88940
83710
-31972
-44478
-93248
-71570
87534
-30504
59683
66977
-55887
56254
57496
-12802
-45027
68589
77411
-23152
7081
45580
-67484
-52143
5025
89445
82126
3279
53976
20332
-31953
69223
-74723
2943
37713
84270
63799
-79152
41786
8844
65531
55823
-35000
88082
41147
36095
12780
-97970
-96895
-89872
-31400
-36987
-98237
-38437
-28174
69304
-83347
-95342
77336
96696
-37789
96699
-59532
-32678
14211
-12462
-20594
-40313
-24916
-58934
8465
32775
56407
-39946
553
93714
-66980
-75363
92942
-42895
30673
54380
-69543
70563
38501
-82619
84530
-54694
-53697
-27795
-54578
-50140
-6417
82856
-56415
-16255
25506
81897
-60116
-29328
-63964
-59777
-93597
-18294
83450
-87788
-62799
51745
-72303
-89133
99867
-47382
94426
-39695
-50849
67603
51295
23040
58759
98380
35270
4686
-2221
67677
14881
3310
-33890
24359
7146
-3468
-2020
23242
2208
-64455
-80637
-8341
57663
-92368
-86979
-57286
90610
74074
46688
56687
-97974
-76117
-95142
-83297
89373
-3059
54151
21922
30195
-38025
-29764
64725
-30349
80419
-37152
99240
50821
46629
-21462
45159
-13791
-43547
42222
-11647
-93640
-56392
32633
20542
31424
-58607
-22860
-64634
-10337
-63230
41194
55770
93086
80299
21956
-54342
81980
-90545
44230
-39486
-2827
-55123
-97992
-68871
-31713
19738
65545
-22387
28292
-65192
-65954
-76883
39745
-98036
68542
-15837
-23466
-17124
49618
-9812
46796
92509
-26259
3367
-29028
-5049
-96488
-80068
73637
9179
16071
62405
25350
-77125
41824
-85122
34180
88286
-1122
64429
97795
-89353
-21174
3025
90323
87079
85544
10157
53103
61673
92047
16610
-86637
-88590
70011
-13144
69827
-41391
49651
-12743
-10989
-30411
5409
37171
-32505
-32901
-7997
89004
23155
-55108
42152
98832
9751
68331
53406
19558
33624
-87835
3097
96315
-75551
7172
69303
73776
-75189
35322
-9715
66412
-3434
94423
-1974
-47014
39669
-72062
-26487
-5573
75322
-17679
25919
13785
45886
88186
4190
59466
36406
25189
38091
-73612
-4256
76113
-4908
-50344
92343
68949
36132
96315
60373
-8197
-20266
26505
14780
80915
4825
-28567
41826
-78175
-55014
-21364
34504
67458
-98526
-28325
8651
-93626
43549
58697
62403
64657
-50888
-49891
16132
-70324
-55202
63490
-84446
20732
3945
-71232
-97669
-18835
47564
84599
-29891
-44131
28657
36491
-24280
-83730
15656
48809
-9515
-98315
-93015
-81732
-16327
63006
74346
-86566
18138
-26180
-73275
87490
54225
85764
-60920
-53294
93752
35916
-62987
-45455
-43328
21815
-91931
53498
35060
56738
-60711
19846
-18480
77060
9229
78194
-97834
-76254
-90223
-82218
37187
-8117
-75582
30158
34716
24958
-18057
-12805
14749
-58952
64506
95645
18512
-76008
-46664
-79938
-84277
-15964
-38691
-84858
29984
-84387
18783
-65243
-14381
-86969
-37988
15131
-96677
-60005
-72482
9420
-33239
-47904
96273
18036
-64268
99935
-42420
95210
58666
8114
-67039
96895
-17846
-82575
57081
-15959
28564
13620
-9916
99800
-61565
36629
85377
-52683
29219
-61082
-69006
18577
-44650
-47086
29193
40887
-56978
75192
-91217
-3507
22447
18316
32314
25457
-52042
-84816
-92700
63854
49342
-19555
24563
-83601
12829
-40555
89744
67385
12038
77320
71979
43927
-4711
77331
-49810
40923
-86962
51757
53426
-4616
-1643
-83401
-3666
-54692
3760
3448
-74899
35390
-97402
-97782
-66931
49362
-52731
84805
-36937
-64976
-17046
42949
-40155
92612
-52672
33094
53128
57287
41921
-8742
6876
28167
-94887
-27473
-15115
21874
-85638
91025
47542
70936
77211
60001
57350
70854
52008
20454
-65787
93323
2064
-24312
6966
83476
50487
38332
-61477
95731
-80066
96330
-54256
74199
-19920
53422
-57673
39414
141
-87077
39888
-2988
-42917
-67569
-95531
63646
73738
63100
-49206
91413
-66433
-57732
-49231
-56961
-69357
9765
-62069
73656
96960
96913
93188
-34278
-93947
-30813
-66588
-70496
15637
68756
31933
71236
-39527
-74953
-11214
1420
42230
-13849
50400
-7020
3244
91334
-28257
86731
-22304
77296
60538
-40871
55018
-96034
57981
-51932
-13778
-74042
69179
3024
63621
51542
-51178
40555
38938
-79399
5784
20887
-49315
61158
-92486
52986
-12265
37350
63206
20276
-58116
68800
99462
-14091
-65470
-79798
-83701
84461
50403
-8401
-53446
43966
65369
-26138
42800
67384
91700
-59180
-72897
36965
-22249
-92530
42887
24126
-18792
-98837
-76195
93995
-83106
-1108
83057
-95790
-36803
-64133
-40189
90755
-77340
-97027
-68640
663
71008
-71553
60888
-17238
41610
-17588
83244
-45392
60793
-4201
8360
-54490
7337
-76706
-87354
84000
-87364
-26033
-52653
-59766
64245
-36654
68583
14577
-8583
-52648
-19461
-22964
85569
78143
61823
89717
48198
-99757
-93252
44964
46209
-73720
3149
54454
29230
-57389
24883
-57784
-97908
99802
-90346
46042
-37634
-12674
-40354
-41257
-83469
-6305
38540
78377
40903
-20944
27078
-29218
46562
-26834
-22753
-2522
-48667
69869
50508
66575
91354
-54978
-43277
76579
-10712
-2818
-59908
68756
-53547
-88165
-11701
-92433
-77965
79064
-61488
-46557
911
4276
9507
-98854
-73348
-68150
-63572
91803
82170
-78218
-47275
-6416
-9605
-85880
-22018
-50535
68400
77661
22653
-62375
16512
-70087
-15921
-53294
25640
95483
-1707
46043
36297
27169
58713
84095
87046
14559
98092
73389
-58870
40058
40255
11494
2561
66322
-32051
91061
-69040
10180
-37010
45383
8757
82529
-17177
60659
45785
-66196
-13017
81099
40657
-60352
-21671
-47903
80532
64892
-45083
-65804
-84697
-46900
-25480
-60551
-61704
19751
-75924
-77372
23034
25765
19782
28712
-84906
-3919
22468
80468
71921
-43002
70700
63182
65736
-35136
22431
-87494
21129
-54661
8069
20784
77555
72173
-87963
-43665
-48656
-17591
15531
-16870
-59966
-93332
-44150
-71854
-44469
62773
9508
71532
-93198
68795
-67112
13404
38059
-83103
-73001
-35457
-61807
67893
-57919
-45080
15271
-64275
22260
-33758
-74291
-62607
14745
-49033
-31401
-4367
-71604
-48100
83750
58473
1931
50373
-44840
-16494
73421
-80418
55864
-49106
-59183
43999
-92223
35550
82174
-60681
29055
3933
75789
-14687
-72525
-35305
-37108
40739
71904
-40819
-78191
-2115
86897
-47077
-78533
69495
-35198
-28789
69023
42515
-62305
28186
55718
71302
19345
5239
38153
-29259
-18516
72613
86377
-44761
-95143
30228
-5673
-40141
79689
84387
49780
19454
34574
14882
-27003
-63078
-42892
-86287
63525
68659
-52212
3427
-60251
-73904
-23545
56623
68708
16615
-79875
18116
-38619
-23467
90863
86067
-38548
89368
38093
-99583
-23223
2746
32661
-53133
21864
-38137
-73049
51553
-61416
67328
-5636
-73622
19098
47376
62967
97728
76753
95315
-15852
-70674
-35492
-57586
46853
19532
46875
-4311
47904
79836
2578
57651
69277
-22752
16818
56537
-39470
53387
67404
-13265
-15374
-71680
-31672
-77978
49536
-7813
26538
-85793
44438
74550
-66268
-65325
55213
-55372
-34504
-43674
-14461
-49608
-76348
62434
-89706
61114
-19117
-86692
-31443
-79230
-73655
40749
25011
48403
-71399
59799
43967
-10550
-84493
-87436
57369
71717
15334
29719
27988
51788
-55918
87890
97147
4303
-45199
-560
-3663
84831
54246
93102
46666
70511
-72629
-9756
27491
-29602
19555
21992
-12384
-62397
-70171
-91098
-27460
-18443
-54543
-18218
12573
-93541
12535
-55285
77406
45832
68067
41758
-34770
-11461
76805
-70355
29352
7428
-88223
-9032
23730
-27474
71028
-20177
16804
64626
-26412
63121
-79052
74540
-50836
-82989
20302
50519
-40785
94298
-6066
70926
-90953
97242
39356
-88616
-53562
59920
-2306
21929
47057
64708
40610
78714
-39774
-56079
-21204
-15287
3123
-48377
98107
-50122
79568
-14705
11046
18223
-82016
76135
-80731
-53153
-40044
-42558
-96515
42637
11756
-41744
14177
-84134
-139
63512
-26823
-7851
51389
-91919
83304
-80003
-93454
98542
74736
10036
68646
-77036
-56887
-72757
38752
89021
70808
-14500
24627
36889
-67587
-58658
81876
90615
69138
-51336
52805
-54635
-29307
-21536
27988
-27505
-95690
39626
31896
98856
-97498
93404
-64189
-40206
-11442
-68519
31625
54657
-82359
4830
-86450
22209
-35039
-62991
-17283
-90020
76078
-83834
-44508
54591
-5708
34583
36565
17911
-57940
30889
16394
32023
94951
87621
80637
-71862
-92719
-93056
-52452
16116
-2220
26876
-5031
19863
-21027
90518
3997
86799
6358
-58646
24563
-85824
-74168
58233
-9116
19521
-42822
74266
-92867
-63203
-1325
95179
62599
60719
1401
58196
-31881
-96840
-90844
-23254
-83428
-43539
-30429
54869
-45899
18800
-26163
-62502
42349
7683
65438
5002
23615
-78305
-47220
5602
-72479
-4793
70799
-51739
40927
-55867
-31105
54297
-40977
-54293
21429
-84774
76915
81105
-54734
89259
-5886
-44566
-5789
-81858
16111
-33028
31243
-94915
13551
-21274
51798
-10291
44520
-94242
-75258
-18811
34381
91334
62362
-9177
-93456
-22036
-22624
49493
24168
-99550
-69384
-38110
55855
-8665
80756
50467
93589
-88527
20017
38811
98614
-66518
-32077
98220
53302
-23393
-31388
79174
83532
-29134
75048
-59788
-87414
51806
-8545
-45615
-63308
34338
43556
-30486
-8830
89572
-2614
43247
27544
32754
-87379
-83312
82166
87992
97059
-17823
68640
44559
61159
-87303
62977
81092
-39039
36987
-98910
-10279
-92576
97169
98285
-44496
-5425
21077
-84860
36825
-44509
-99832
-20633
-93653
-1239
-85023
-92428
493
-77337
-77531
36455
11021
-4489
-41570
7834
14924
-53479
79011
77547
-32998
-14035
-51804
-17654
-5369
67524
59073
-97088
69093
98270
58818
-41083
89488
-22144
-18927
86973
78263
-9460
-7298
65203
-60597
49575
61189
67536
-45657
-58036
-81844
-68745
88583
600
39645
30620
-86194
-82531
12485
-25445
87261
28588
12686
81011
-24652
-96230
66350
50138
-88344
-66901
-96564
49998
-92916
-32449
-78270
-7142
42166
6237
92939
48398
70449
73457
-24819
64423
67397
-69360
74599
53946
-764
93014
96538
28128
41536
-79225
-63908
28818
-28231
55486
99512
64072
69260
-42589
8884
-18545
-30276
13908
-35630
-41903
-45822
77474
53822
-70129
-18653
-20163
-24051
98230
-97070
40294
93355
80434
78350
-55813
-94518
34939
-66308
33117
52388
-32512
94886
90980
64452
65158
3855
77099
80617
77517
-48200
-85614
51665
-95499
-50091
-543
48395
-97934
63710
46006
-37925
-70505
42549
-31089
90489
22093
83818
-87552
-63525
-86923
-74363
-34281
-38869
-18994
69035
-88251
-97929
-62393
93301
89783
-71249
75566
49091
-6044
-72053
-29815
-40590
-62457
35820
-50450
-79178
-17005
-49790
-76015
11595
-30809
-36845
62618
31008
-72443
-71227
10830
35661
-25413
40018
-33749
17529
-67941
-50717
-24884
-5945
95468
-63133
58549
-87540
17413
31794
37297
5299
-20503
-98717
68400
-42243
25328
-40458
81577
27633
-62374
30916
-26402
-17265
-25172
57709
32910
89269
-83552
84377
92182
-63573
52024
23505
30341
-64429
41041
53243
-14375
-64828
59538
-43252
-74441
-30146
25030
-94180
-48669
-91542
-3909
-42296
72100
56161
91697
97947
-70824
-80703
-57895
-16636
42617
16851
-46222
50486
-10974
-49891
41698
-28545
-27406
-73538
-69738
-25058
-53881
-78208
68061
-82553
-7715
-55343
-31021
-73449
35228
9541
15135
-94224
-75267
-12233
-57279
-80036
99761
-46
1551
-96496
-70651
-75866
-64890
-95130
47639
66672
19530
-34606
-68417
82879
-67531
7060
-40594
-81795
74819
-71760
79847
-89266
-24964
-52641
19743
-38768
-59591
-6439
-27768
78327
11443
28295
-52737
-12958
99870
21521
-70630
89587
34817
-99622
6947
39641
-75646
-31233
-51396
-54944
-18833
-17412
-76016
46394
-12592
97881
-35653
20286
-35132
-84504
27772
-64193
-37222
-40307
40259
-34620
97241
-2435
-87971
-15369
-62802
96268
41981
3941
19837
-77805
-11337
80229
-56675
-80456
2714
-68047
13931
73857
56479
39728
-85575
96353
69225
-98801
-51416
-64277
2608
17229
87610
5415
-38496
24154
45949
-47477
78728
24023
-69085
11512
-40440
-56172
-48688
-97354
56908
78685
-52763
62192
13952
1681
51628
-61615
-37317
41376
11319
99618
-48135
8886
-57239
95570
-29161
29113
-26527
-22353
-90327
-99454
-69409
36093
-155
-1750
-1581
-99309
-36340
-1511
37932
-28328
-10128
-91000
-96017
11252
66682
-37151
20701
-67485
-10364
-59408
63011
9269
43713
4139
15986
-13117
88046
27660
-87804
50223
25010
-33400
36369
70772
-69209
-80489
-94381
-23219
-87292
12746
-25407
47146
67331
-82652
-85327
-85264
55569
-83837
-76683
-13276
10094
70139
6756
73999
95796
-39526
21318
36358
93745
-61813
-39478
-48389
30427
-84470
92176
-77002
-74300
90681
15720
5102
82394
98116
28286
56735
11240
14595
6225
48817
11834
-66287
-90798
-48965
93151
71048
-6037
66154
-95217
90476
-25080
-76006
-40944
-15270
-29871
58487
-98900
-58902
94186
61369
82158
1086
6946
81644
-71654
-59177
-81768
-77981
-14109
-89438
13785
-345
85222
-52043
36383
71353
-59323
-29705
-86885
-22395
-30628
76770
51579
-64604
-79171
-88336
-81843
-51205
10152
60872
-4616
1678
31763
-92467
-9015
-20500
18214
-95422
-99568
-18890
-76793
-8365
33327
-24188
-30470
-99991
2320
-45878
32069
-84659
-82648
22176
15591
-84815
98035
37595
28768
45798
-54155
81914
-54952
-78512
-23109
16802
-11261
-83995
-92093
-95678
-70008
43132
-77452
-95212
17966
44216
-45537
-34309
53820
-61128
-42297
-78745
-5854
98976
15259
-56721
-31454
-26060
16068
-67032
-59210
-48649
91598
-87757
-43763
-84595
83140
-92418
13513
-61640
-6632
-28576
24473
-13188
-53756
8537
61175
-50431
90172
81043
-82194
49143
51453
-90685
79824
-28012
40634
17530
97037
77478
-67432
-42876
70383
-39361
-83012
-7328
-26037
-78164
97295
68050
57661
-61767
31206
-21709
15355
-97768
-94951
-78058
-88420
-67347
75282
-11132
-57713
-38140
-20488
29668
-17212
-88131
-41263
99109
7607
-48082
4110
-63200
95869
-59560
85604
-61522
-64208
10871
-84351
-96137
-48224
61306
-12735
53821
85244
86766
51841
90545
32291
35121
53812
15620
-91661
39379
-92827
-68588
-22843
-94810
51086
-83560
63466
31327
55305
98681
-14378
54153
16642
60131
-54543
78944
82932
-35174
81861
-28246
60400
49466
77798
-33116
-84349
5902
52527
-84164
-59943
-20867
-4718
-55362
18293
6871
34984
60697
29636
-58359
-46751
24984
16588
-20015
25716
49670
-89220
-81648
38499
-76133
15787
59321
-77882
-50153
79737
58832
10680
28914
-72771
-56476
13585
2383
4626
-80778
16862
82855
-27056
58681
13465
33118
30351
-84201
-83327
53474
-2162
52528
-9072
-75518
54700
9465
-41383
90127
-38277
-82409
60663
-1687
21721
-8776
9927
86717
87601
-26888
52166
-54768
-73265
-80129
62436
-96465
64170
-61538
28789
-41782
28149
-77175
6329
-32302
71419
19702
59383
-49287
67674
13385
-53690
97163
18854
49764
49575
-32987
-81445
-92171
-29947
-13135
35039
41535
-2147
55371
-9138
-10102
71142
-35517
-72485
-36113
75373
37553
28253
14065
-13028
86928
17293
-42637
11463
-94159
94816
-53804
-34537
98005
-74244
-51255
-19553
-69065
63751
61915
63533
-71964
-4143
35215
-2621
-80706
50787
-35481
-75431
-51205
-92445
40141
-22660
-63449
37931
-81988
-2944
91230
-46430
4377
70059
-62008
12703
-80401
23439
-9219
25538
-56092
83748
-97233
23605
-58010
36293
28435
-84243
18764
-53283
-69256
31553
-55727
17674
35509
-77459
-74755
-45815
-85003
-86980
81953
40589
-40095
40094
18518
41288
89994
37733
-49769
26233
-63704
-52116
88977
-76417
86422
6462
-92064
-9171
34488
-89014
-97941
39754
36110
-39630
-98501
73629
28481
94585
-82707
37356
-40060
37102
-57104
73044
-24251
66947
-56298
35237
-30809
7998
61920
-83123
-29323
-90786
-667
-61459
58204
-51067
63331
81169
99200
1025
73333
-5104
1410
-94429
3189
76462
74409
91576
-86340
10336
-28161
42428
88631
24118
-85694
-17913
-16368
-74812
16531
22784
-71516
-8202
-94071
64552
64814
-22712
-8002
-39285
24551
76670
-78005
77373
48624
78563
55211
27292
-42594
23638
-39977
-79745
71390
-30014
92134
47538
80887
-22684
-98906
5170
91024
-79562
39596
26069
92512
-19302
77866
-70182
89585
-40048
12190
75923
-75508
63084
59606
-90535
83557
14076
-65882
-15692
-99023
49529
79080
48135
98233
-10762
45317
2341
-33415
-4056
-63442
-35098
62056
-40636
-19758
22054
-4683
95196
19462
35088
-89048
-45676
29663
34291
-90368
-8257
-52349
-74511
84066
41387
72935
49564
-76460
-76793
-87274
32155
-63713
3859
59652
31172
35294
-29055
-1945
-65952
-67063
31100
-78533
-32042
-88787
-34571
5567
-82386
71970
5755
-38207
27943
39634
78801
-304
-87982
64902
65683
47902
-68154
-33394
17680
87568
-53952
-37857
-39191
-18089
34543
6467
70174
2392
22490
61485
60402
46647
8258
44929
38295
2110
52862
-33089
13221
28571
-68956
-19517
36524
-78248
-30844
-96201
-13661
-42259
79014
-80576
55241
51774
-28104
-78455
-21128
4771
72511
30168
-15453
94557
-96660
36969
-4948
-69327
89890
-57632
-53068
196
21467
25240
-15712
-40985
43060
-29967
98510
63578
56143
-48994
-61118
-23977
53
84464
-62388
41891
-41116
73590
-52400
-76657
89911
83017
89696
35298
-38524
76794
-70603
34863
73230
-16017
-30382
31955
97795
-89588
-67300
54254
-42087
-33717
-1573
47095
22264
69031
65735
-53188
-35092
-9933
39098
-52222
64143
92355
84919
-13381
-34120
-1368
-53710
30841
22389
-71190
-82065
33482
41074
-63563
-16239
-86710
31258
-6103
-66806
93550
-93332
11697
35935
-5530
96379
-74000
-492
78030
67546
59251
70211
-50455
84736
-99433
-773
-78024
-39566
-30660
-7886
-53451
76367
79632
-6972
33161
-91901
-26092
62924
38562
73273
57923
32705
88257
2854
94546
-83411
29049
-2848
-10529
70184
85231
-42488
18210
-4361
-20488
28647
97952
-83338
-37027
7670
69339
-63342
96031
-60847
-49040
83521
22408
10594
31872
59561
72661
40840
75577
-33201
45556
-81311
-99226
86629
-23598
2876
-39664
-38607
2056
-85719
90138
-95680
69591
178
74271
-32883
66118
20736
-32911
-98841
-53006
34727
91495
79351
-97141
39127
-60093
17561
-8663
-32922
-75469
-49702
93857
-33844
65447
63824
-54725
67942
-26566
28374
-28839
-55174
-5897
78520
84456
-84524
17032
19460
49525
-84997
3370
-34723
-31319
15854
-58749
-2698
5122
-1332
68152
65940
-3113
30494
8748
86812
47321
85630
80224
69187
-76275
60350
67677
68681
-28380
-39037
69456
-34823
-2251
45562
9551
-12181
-96610
20318
7218
-59154
-49764
-51401
16431
77958
-58109
56768
69512
-77515
-24745
-20726
43164
-63256
-81624
-69233
-80033
89848
-96032
-63721
-40800
-85875
-16109
-85237
-88260
9043
-28591
76904
67741
39448
-33306
-31097
38838
-44340
96160
46019
-62895
-82209
58342
-8697
48718
17966
74334
-57034
-60808
58935
70869
-24244
15597
-4022
31529
-23412
-5177
49812
86912
-62831
-76511
-22007
-28747
-83528
57807
99799
12453
41725
51371
-67040
-48466
-20039
89509
77676
15124
39341
4804
17804
-71603
8307
-62586
-42336
-82550
91232
18793
-86412
22146
-47729
39337
-46073
-71288
88270
68841
22631
70053
-98191
81594
-92058
45124
-9784
-44816
34588
4553
-43328
-54092
-10850
31298
-84519
82180
-27499
-9312
-38155
-66853
27253
3478
-92894
44835
-43574
-17358
-58393
58688
-4952
-83031
37110
31903
15362
38205
14808
-42243
-48095
-61320
79181
-89313
-60365
-73044
21955
-2031
37072
5885
-98112
85708
7105
-33838
-24182
94769
-72707
956
-44514
-37725
56501
-73335
-18922
20640
-76753
-79349
-77433
-27863
61143
84636
63248
-81706
12273
67783
-7236
29151
-5570
-32903
17806
39812
56317
-15075
68687
-77027
18279
-59029
24334
96534
-53665
4217
76119
-31492
-97806
41296
76314
-65944
-61564
-7496
89046
82093
67569
-27655
31234
26555
-79561
88990
16146
4480
-77833
-30298
-23536
7003
68165
-18115
-22312
60752
72874
-38954
-10899
51104
-97032
53769
93649
37654
68885
52494
-57206
-55422
8301
77561
27801
-83409
-63439
81365
-13705
-32281
65734
-91763
-32806
16752
-53056
-65019
-53687
-97355
86038
16230
-87294
-35653
49809
12717
34342
-71887
-51343
-71633
-23268
2541
46085
-19884
-29751
-9178
23580
-7495
-44601
68050
50927
-71612
-76748
-99141
-7218
-83013
40665
18802
-86582
-89236
-2464
-83008
-35940
-75525
37390
-94285
23742
-8602
21030
61344
-15170
32335
-42375
-32971
22897
56936
-11416
-38050
-92020
-27281
-10867
-27253
39756
67548
-38938
-58607
84469
-61335
-16680
-91556
-74211
15148
25487
72138
-61096
24737
78048
66927
94829
80640
-77446
98302
68366
85713
-88713
-86370
80361
14274
-93266
20041
58131
-88239
-57014
-32528
9770
-95517
16467
41352
-49988
75275
-89039
-27262
65468
66602
75762
-77316
84611
7289
-7413
72248
-14972
5754
9318
70901
70451
51785
-35576
15535
11781
88679
-77027
-75646
75866
25346
-70062
-67489
-75820
74636
57659
-48298
62397
-63303
-65005
-53071
-44935
18011
-55802
7825
-20208
-88830
76509
47474
88359
23075
-54709
-94545
-5606
76205
71895
64003
-52669
15187
66021
23123
14028
57016
-86088
12830
-23910
60013
47313
-66592
25225
74594
19240
85434
-78219
-70719
-84978
-66493
38924
97813
-28915
38486
-22649
16664
-61360
-89084
-29494
52091
52670
63443
46682
-66249
-20209
-71337
97234
39864
-15479
13996
-88278
78821
96284
-20227
-92789
-88003
-91043
38089
79371
56610
54706
79592
-9018
-4560
41115
-85644
73784
31499
-21029
21545
-61132
92033
68542
82123
-76044
23041
-22895
-65928
-77788
91516
-54805
17515
87278
62489
55997
88474
-73730
-94703
5027
10948
-20719
-16369
7415
46438
-26329
-80376
-5158
-50757
-13870
-65157
-37437
-76800
-21458
-85780
94982
67871
84688
2538
-51866
-24201
83520
14847
12467
-56950
-2972
-6374
-14031
73217
39120
72218
13982
-19605
-32721
-12000
1458
73991
95140
-76000
-99381
79573
21708
24057
42410
-45333
39783
-12799
-37294
-99526
-99523
26188
38734
90725
-6471
-74622
-89082
-4962
61396
-28737
-86870
-93339
-12455
-37213
70341
-82834
-30703
-61915
-44613
5926
-54093
5636
-88679
-34879
63763
-80429
26252
99295
-56304
-62667
6917
-13229
-44353
60234
31086
30154
36930
54870
70813
38286
35193
-46971
73285
29548
29031
-20448
-47282
-34445
-63969
52946
46774
-40989
-83722
-45726
-92957
-97854
19192
55711
-18212
40564
-70609
29988
17934
-29360
25911
64307
-20810
-61497
-83278
-47635
-71354
-76
-42539
-98143
33358
13944
-94024
63906
8017
-10748
-33865
-28315
11879
35846
-29737
65775
-52135
33458
94853
71241
-6057
55812
-78485
87018
-5486
-36311
-46323
83092
99754
-45022
-59452
-87673
-12183
26426
42411
4447
59803
-37147
-59641
63903
-9851
-34308
47363
-96962
-53323
14302
11814
13696
54022
35336
51228
-98307
-61843
48083
68197
31452
-64570
-68987
-71702
-37217
-75795
68151
4978
-55982
-28817
76801
-37926
67614
-73438
-43742
-87943
27804
-40962
95026
94968
-25992
47614
7852
46854
2525
62232
-45112
-49324
81103
-92064
-67170
84948
-32969
-10457
21743
-68251
-80871
77340
27714
80125
55296
-87852
8470
-55502
60014
62196
-77145
56371
75537
-54362
-80910
8458
-69109
64335
-81751
-84233
98773
63910
-44370
-46033
43338
-31595
81905
38461
-39198
-23121
81558
-43684
62096
99160
-30290
-4593
-63697
60465
-7295
-70091
-55649
65165
-13446
-46491
-11288
-90255
52477
-40740
-13649
90408
-83353
22235
51419
-82379
-34090
-56744
-67676
-2341
-86445
-60775
-79526
-92435
87171
68257
-8209
45184
50149
72714
90807
-16865
43855
504
-84695
-31402
-85270
78661
79763
-50862
-82414
20455
-71137
32461
37848
-17088
30037
15634
-88817
-74230
-17022
-69346
-64085
11578
-61157
37286
99189
-79445
-83527
-2685
-79449
45309
-32231
24780
13997
-8994
19888
34535
-91088
35607
-10745
94498
98589
36652
94550
72057
45129
8228
11926
86068
-4195
63452
-45720
-3035
61924
-4033
65529
-64071
-24706
27943
24927
-48193
25321
-62727
-99511
-24694
95494
-34190
68416
84893
-47208
-12179
-15658
-32265
89217
-6031
-831
-26977
25103
64532
-96652
-57226
10265
-32288
-44755
95847
-98035
-97304
-31892
21779
-76200
74767
34469
90535
55065
-95374
-44559
-54036
-45924
49259
-35403
-39246
9876
34095
-44237
-74434
-8281
72667
79054
61582
-39556
-92602
-87060
-58948
46024
-65059
36154
668
-74368
-5700
-92275
-34873
-41256
-67717
-23989
-97821
-84359
46224
-67011
-50718
24881
23511
79882
-48256
-44129
-22298
95532
57375
87486
17174
91925
-36632
-53585
-88931
39538
-14859
-63478
36302
25793
-46201
92033
6324
75263
-43347
58620
21583
-84869
76298
-24805
-71730
86579
-32479
82059
83568
23546
-47752
328
-15797
-61196
-99824
29567
-95011
-85305
-38229
-98593
18796
4091
74626
-4992
-55928
37083
-17101
-66091
50935
-51983
-17022
37097
36069
2700
88758
-53173
-17286
56329
-78820
-10676
-25797
-16833
17768
86822
25943
-9678
69391
56875
36883
-16560
25755
2363
-11323
32089
24436
-16498
-50245
-60279
90136
67119
75593
-8415
-45805
-48615
37443
-39993
-58463
29314
-13077
8426
-92347
-47069
-73534
-11025
16108
69466
10142
8685
10294
-34748
-50926
-73819
16614
57624
-58692
97328
381
98644
45700
-44869
-41338
61780
87001
51573
7054
-11663
30366
74413
-1417
-9655
-18478
-32934
80477
-3056
78272
71670
-63160
-82339
99087
-82807
-14876
-70544
32154
-76444
60926
-89896
37867
-13564
-98564
92665
-93098
22774
-46100
34220
-51002
-63994
4551
52715
74143
-47932
34986
16411
-37816
82510
57015
7944
82438
88611
-97347
34568
95114
27238
53247
45823
7657
39635
9730
81501
-63769
98911
68892
86794
-786
-20189
-61718
29554
-83758
87744
10384
49541
-16458
-68679
-75342
-20509
48515
-88174
43569
28317
51940
19518
-89287
-45675
-27689
-63502
52101
-70483
-57511
5499
-87452
69456
14103
48049
-63273
-82653
-99460
40561
-51424
88868
-46510
28479
45142
9901
4482
-92663
-56349
-2441
-11721
-41018
-29198
4193
-36071
-5262
85234
39998
84897
-64253
-64438
91051
-21192
-82873
86201
11670
-27243
-75524
-24918
332
28032
33161
-93239
76422
80849
57269
16625
-22393
-42349
19134
-35226
87401
-15308
5299
-43186
20265
51240
59449
-95658
-35830
25921
61379
-18179
53752
-94609
28651
-98074
33484
-48580
-77068
-94049
-10602
92893
75374
-99542
-67939
67517
39104
-75159
47058
-63765
-19482
52631
37831
42305
-37806
-93634
76684
74198
78068
69130
3257
91010
16966
-36302
53426
-67231
-80273
9066
-84646
-78853
70747
-13378
-22184
-32572
51029
-26172
83827
88112
-66250
62956
32156
-99125
-93405
-69712
-14728
57433
-6775
-67281
-16706
92663
-20380
-28064
-64834
-28998
45630
-73871
-58433
54331
99116
81132
50824
65246
-85144
2664
41671
93307
-70130
-72099
-90072
62586
62604
-4028
55342
-18585
-90810
-9671
-91035
72930
65034
-10214
-13318
-56726
30964
14454
66905
-79263
16587
-98890
-52829
65683
-81076
-74133
26121
77066
-93187
74345
-41091
-32364
-81768
-84692
83298
10255
-38556
32188
80036
16993
78838
-50462
-30235
-97323
86037
50747
-34950
-3059
-39326
-40275
-35682
68392
24227
-34106
21529
-46170
18108
-62349
-42907
72096
-24689
45911
95464
46273
55398
-98828
9192
-75380
87090
-53576
-49069
81360
-41348
12158
-88577
54866
42076
-51918
-26240
61340
80976
30592
84038
-35998
-21136
-63276
79234
-85395
-20563
-67166
-8660
59030
-59716
70237
67800
-49236
993
-706
64910
38665
60193
-61297
64653
8971
99095
-37558
57920
-26620
46096
-38122
-76180
6792
28332
-21703
-59028
7811
68075
407
-18445
-40452
-7831
34679
-21877
-87651
28534
56858
2870
26610
-85163
-64596
-79665
-378
-84904
87073
-93165
-90000
-48026
11821
77019
38770
54720
-83436
31781
41989
-22665
44830
59234
96437
-31081
57664
-20910
86594
-70982
-15201
-12028
-2139
-3930
-84323
-35900
-9252
60776
-8457
46835
493
-21438
25366
-15108
50369
83074
-70879
-64945
31710
30361
15964
63296
57935
4738
83473
-92261
-11619
87833
-50161
34128
72069
-30731
-63048
-30166
-64525
28510
50416
-3065
43543
-75489
-18307
38448
-53565
40146
-78602
-93977
-3209
-70218
-40854
36834
-59921
-93360
-81617
39277
27522
-1359
-44643
-43757
47390
36020
-59782
16036
-35640
40442
-16954
96544
-41602
5491
34516
-68760
18982
20997
60189
-73887
-90965
25440
-14001
-58295
96445
-47579
21227
3982
58937
91451
-62843
2369
2107
-65244
37264
4859
71183
21919
26726
-27309
45940
-82912
53034
-54207
85060
75475
26209
-64344
38536
-43430
40030
28656
40119
-10318
81770
45908
-96270
-66424
10029
-56081
-83379
-8697
-11813
-97412
80397
63293
-15995
-99313
-20987
-44966
86194
-82366
-46905
-58158
65245
23799
12518
46825
58918
59096
66620
66950
-98837
86236
90351
67399
3836
70007
-27177
-41643
90865
-97927
-18242
91276
72138
-14089
-99781
-46767
-57731
93120
-48466
26063
-20544
84589
2318
85839
-81097
-36213
-75462
-68060
40555
-36928
-3498
-79256
-1234
-27407
-69162
91403
-32578
-83375
84147
-53324
-39438
4930
55067
-23886
-28341
-69654
-6663
-94544
-78327
52234
-28520
21551
-36362
-23683
1014
38420
26721
26542
17569
-53969
-15683
-48115
-14409
15837
74394
-59622
-60915
53785
59298
997
-1321
-89417
-31806
27967
92607
-14269
-37086
6742
51767
82537
24963
-448
75169
-51068
-28879
-21314
-68117
48628
82808
78465
-15136
44320
32352
-35452
-4801
12795
-75458
97366
53817
69454
89462
78456
39245
69514
13040
-4644
-29077
-16037
77175
-92337
56558
26463
5107
78745
-74007
-89662
11245
-75278
-92156
-84969
-64144
84424
30813
-19024
-46415
48223
-30417
-140
-80519
-51854
71448
-93618
-71807
86070
96710
-53350
97524
-61938
92765
-15187
-76817
99638
-43867
-9016
59634
-14845
-88788
-60844
7308
-68090
62979
-13377
-14464
-80822
-9098
98507
46174
-53575
27429
-51669
-27791
28938
-55743
-73832
2067
85851
-49023
4672
15523
-75079
-73361
29102
-106
9149
-26337
-23893
74106
61422
20327
-9082
-95585
-9993
-20019
-1070
-40022
61879
49890
-83009
10905
-62893
99791
23597
-70862
8730
-22212
-45621
57976
73536
-52929
-24245
88363
55649
2280
81252
79543
12788
-89266
95347
-96756
-6043
-73752
-48332
-11382
45352
90923
-43987
-21543
-70390
-65465
-31771
-67103
-34105
-44061
30116
61895
-64401
98154
83302
27879
44805
-36182
51760
78043
8038
62335
32312
-50107
2003
-73648
-60812
97378
93807
-57171
-97125
-89528
49306
88067
5625
-23180
54607
-73581
82283
65942
95558
82177
-79123
73855
14302
91786
53264
7873
59574
-56720
11657
-35037
49438
-3490
-5424
47417
-36001
-86458
13936
40633
12368
-19760
-13419
-47349
47324
-3021
89818
20946
-85695
-64138
-19608
-14216
39702
-81022
-38437
58000
-90123
-15165
14424
-4959
27473
-58619
-39384
70642
12556
43980
10253
25543
25339
-44442
-18671
34537
-39352
-88696
-34827
26207
-46084
57666
20833
-65319
76055
93293
-64579
-60569
-43039
-54797
-6774
14760
-29456
-67896
-11415
54366
5556
31514
43899
37778
60631
-84530
19176
-57186
-55070
-93079
48090
-64277
-90429
-52963
-73211
95854
-3846
81195
-89101
-4397
50765
81624
11583
41942
3000
-19583
52075
-33149
-83831
-10991
8971
-50956
-36805
53965
19752
-39143
-2030
15863
-60802
-10038
-84510
-63700
-96203
-1881
-61243
-95231
-65686
43802
-52576
-18395
-33315
-88020
10828
-21328
-90791
-55062
-89063
78504
95183
60157
-56358
-80983
-20522
20495
81641
90633
77500
41613
-61924
92437
34254
65510
-25767
-39653
-15568
88112
-69483
79911
90285
-95166
62363
-65040
76814
-90266
-17920
63071
53035
-54949
-91227
59790
-53924
-42553
-47274
-21466
40881
63897
-38388
-18540
91300
67867
-21686
10035
-138
-93194
-20276
-26504
-14151
77078
-81957
-56186
-33490
56578
-3961
-47876
7272
-8937
62361
25324
-72351
-51147
-16607
34357
72063
-70402
41465
-60494
10542
26561
75231
907
-35713
83704
-10204
32962
-9773
-26139
-82446
-23780
54391
-58086
92104
-46591
39689
-5931
98090
-7909
96595
-38633
91229
94851
49649
68940
48217
-2330
-33755
14565
-43279
-9976
24273
-91740
-66866
99385
-85985
-7915
66011
-23570
-82553
76351
32327
25816
-19969
98303
66155
76539
7763
-37295
-97488
-84924
54995
59516
-69894
36724
-57662
52287
96043
-42908
30296
-28116
-8581
98667
25583
-98817
97035
-20577
-74137
25633
86581
-89959
-4174
25082
69876
-84612
84415
-40116
66711
56944
-35585
23871
1289
-13935
-49388
84063
87924
-57478
11804
16562
-80157
74850
-54997
-3966
-80648
-6713
91542
-62280
41425
90389
41367
57243
23646
20781
-95140
20688
57449
-65856
-94988
-86773
66018
15973
-17147
31659
-79060
-44093
18661
806
71161
-50541
-51309
84321
65811
87246
87759
-80029
-57514
-25735
-8381
96443
-78372
41119
-79583
-70818
32127
33435
-2782
-7808
65641
-72682
75545
47137
-56695
-41276
15056
67725
-54121
76116
58350
-5095
-30259
-6555
-48382
44569
-47119
41578
-40687
-15636
-41147
-23874
-18912
68762
30456
-11177
39810
-39742
-46514
18316
-61130
22573
-92636
35681
27009
-97730
67767
73541
-91463
-18656
-99912
38584
27188
58656
-35886
-42060
-60830
-19483
65389
40701
-49066
98227
2870
40654
-97497
-83053
-75348
85170
67440
21216
10461
78667
77916
53900
-67880
18971
48865
95392
56664
30465
70720
17831
-13274
-26106
-30677
92618
61120
49723
50141
76747
-64982
6486
42549
44694
-65012
66431
39162
8194
-71216
-37318
-26451
49233
25964
81733
-4495
-40866
-78998
-21656
39068
75402
86513
-29840
57038
79732
48581
73936
-10020
-72434
74224
42565
23118
-87293
-13300
-44281
-3882
-5511
-11384
53305
64145
-46174
1986
-9580
-60660
-39183
-20276
-18963
-28926
99058
13505
-37481
77463
-1529
68126
-66674
-212
4736
-80113
86639
-73789
55871
-71774
-81153
27001
5535
-67290
-77863
69084
54357
65349
26562
-643
-7787
96964
-23397
-63584
-64619
-13540
87697
-75403
-38187
-84977
-77286
87676
-81760
-62411
33159
-26732
43771
23209
-1546
-97837
-10931
68281
-58235
-84288
38449
31742
-68307
54240
-86144
10951
7270
24613
44694
-42838
46293
-59979
92634
-75743
43707
-29763
-75675
51436
33789
3712
-42888
49748
-64861
-58187
-18937
-39956
-35782
86429
-48229
-66510
-51794
-21663
73978
-71315
44908
-69716
53169
-78483
94918
37162
73085
-20411
82582
-69526
87437
36689
30188
-57371
88177
36715
-48314
-67028
22371
28171
14311
25398
92514
99790
-73654
18824
85098
23907
82119
60308
132
-9396
-35462
41654
175
12234
-78265
-5569
84313
37890
99541
8378
-52468
-1437
42975
-9893
71766
6743
47587
42313
37295
-6546
85307
89521
15326
-89319
61804
66758
-71843
75770
-13514
-36418
8599
88433
6327
-77990
40464
-39560
-69654
-7144
-44098
-89885
-4288
-41657
29040
770
60903
24209
20571
42988
-11050
-79150
-12652
54528
56084
46050
21010
-91728
-6090
99298
39794
41942
-5719
-34120
79648
-29979
80004
-35057
95499
-86748
46475
93560
-84422
-18926
48344
46477
-23626
-70024
-44990
-69395
-34559
69024
-36515
-14883
67695
66925
7529
-31640
-8217
-36439
-98114
-96575
28763
56023
-64928
25932
-3687
64064
-21507
6434
-25947
56670
69869
-4641
-60389
-9145
26135
-81840
-387
-50761
-3995
-40516
55445
29292
19123
9680
-66814
-7832
424
97853
90669
75660
-82125
-35044
49213
85423
-53914
-95184
-67835
83320
-51559
-35605
93733
-96741
97194
21741
-18797
-46
45408
-27310
-81810
-78437
-38513
-58870
-63580
-86721
-55568
93358
-47441
-56036
18131
96290
71334
-72345
-27273
6830
-18995
19472
-41756
-76989
95133
51870
-65907
-62498
83938
-49121
34064
40621
-79573
62731
-1852
-27210
-65106
43230
-17200
-80797
-45339
31738
-70846
-46892
25519
9854
-46847
53145
76153
-74721
-54226
-10296
55943
70337
-522
30437
-30913
56087
-89409
40550
17031
-73080
-99309
26254
-81709
45462
-33671
19289
38067
68626
-36636
2734
99948
8066
-30082
-57237
-32546
-47732
81898
-7146
-73673
-42797
53902
96573
-1786
-23926
80005
57486
-75781
70643
-80696
89040
-86615
-38835
-73739
-81194
-86694
11289
91953
-20166
60063
-45150
68549
63002
-82516
16355
-59717
-43788
-64671
-3684
-16618
56053
-3876
65229
-73629
73078
-34776
-21837
7875
22811
78602
52866
-50041
21772
-73642
-87831
-77464
-88160
-55367
-64319
29856
-67007
-46857
7869
89041
27314
76516
32924
16188
41289
-17305
49516
-33131
-53633
24477
-49663
72689
-32074
58230
-21968
-57353
-50484
42718
-51341
-82647
68815
78008
98225
-24729
5431
-99041
54647
69187
-75469
-2617
2739
25272
83983
-27677
-29036
-92685
-24168
50310
-66156
76297
-48393
-20026
57845
21285
-54571
-12407
-4854
-64162
-3726
12144
-12094
17866
-55134
-69636
89616
-33462
-39763
-58038
51670
92677
-82948
-53050
14954
-92110
9916
4462
-18231
89393
39645
-6891
-19114
82695
85964
-948
-87411
4818
-30124
-10266
-37844
69700
8432
-90602
-29266
-23181
85838
44710
18573
50322
34638
-3940
-70755
-71368
-40795
-12419
-73947
66824
17765
88027
43751
47432
54868
-15143
-62056
43930
-6562
-33906
-19010
-62901
-8874
52349
-46562
38486
-98793
45759
27183
85682
67830
-14520
-21171
62162
99359
-32483
87814
-42135
-51036
-76932
-32145
-41121
-19905
-52918
-52725
-42769
19461
7282
-17705
59511
-151
85851
-64876
-99938
60537
-56057
79161
57854
92457
-71647
64419
28588
21132
-74369
-30239
2700
-83975
-63339
68681
93413
98109
-58989
17092
21670
-57596
-54815
55485
-93404
5122
-50389
-14511
33958
-61811
96745
-11319
68964
72292
76104
-43587
63821
-44030
77002
-11500
79334
97783
-91983
-37696
13694
-72737
43339
-25434
99121
-91869
10579
36790
54929
53129
86251
-37064
-42534
27691
56735
31827
56033
26759
80265
-72130
-33638
9232
17217
-61016
-83980
-36104
18777
-65563
1908
-58099
-87432
-13261
1744
64790
-23483
-87285
6557
68607
-56593
52820
23963
-93322
93171
67161
-58562
-62729
65516
70813
74248
-61665
92915
30691
91702
-58216
18690
-24576
47547
-7006
4460
-67836
-62694
-40822
-39383
44949
75165
-74271
-69253
42205
-30661
65646
-35576
-70377
64744
-58078
-34820
24350
13522
87722
-11481
-2277
50700
35258
-54410
66784
-25420
-88365
-27271
-2790
-31717
81890
-54905
75900
91312
-49752
16984
60068
8417
-91861
-22774
-26047
48713
-95923
-89900
-63360
71765
-85565
71164
12323
68110
85472
-57653
2174
-82119
-75049
79260
23973
-9656
-15580
-83624
20787
-32858
5000
-92406
-80405
15012
-6765
47395
48888
34970
-4935
44734
60960
51224
14736
49762
95989
-50754
-86699
-17249
97326
21250
-5588
88013
-54808
76863
-5238
-35978
27545
51857
-4348
23401
-60246
58191
282
-64887
94951
77887
29187
-18735
-6420
45621
33549
19704
-97486
9440
-61368
7912
-94037
37901
31830
72164
73332
18601
-61338
-40179
-32303
-7713
58987
36896
73414
37372
233
78479
39215
-57203
82586
-41015
-58068
15095
-85096
-6991
-71325
65192
13636
87603
74463
-9423
-21564
-45266
-25477
17764
-97724
-35930
-37394
-33492
-62264
83466
-98152
8763
86207
-86662
-85248
-78376
-4348
-94277
245
-72734
-79205
-97153
-75737
24758
54790
-38452
87573
1255
-28471
-6172
-24716
49516
-69814
36340
54811
-6569
33599
-45376
-98993
-99553
-98446
30543
-57124
-82384
-30986
-32395
-22761
30018
52693
-93298
66879
75087
97657
-62643
-47870
-78539
89421
-1441
-58133
19801
31864
38724
-96432
95102
-36026
12264
-43729
25850
61488
-85565
-20972
69660
-87839
-38709
-88613
6602
84007
-14877
-61373
38433
62911
-19007
38672
72783
-79040
-73370
-97863
-35542
-61097
-62867
-36794
-47917
-8190
-26756
-85279
-74318
52437
-84966
36402
-67117
-26543
-87211
53743
53442
13938
-91841
33004
-52788
46534
-1031
64259
23851
4002
-14191
-67602
-46500
82354
-69479
5303
26182
-80427
99431
94621
79523
86239
-80894
18785
30611
-43736
-43359
9364
-12186
66533
89088
-21965
30527
18932
-88738
-89522
7550
58296
43948
92560
96136
92061
64369
19654
27034
55393
96060
-86928
36463
-19277
-35962
-96818
-79443
-80840
52643
55499
51999
-76462
-66269
50030
-55330
-20447
-34411
29307
-4377
-40219
18518
-79425
32452
3420
-18769
16388
73575
-77350
-7414
24214
99864
-44758
76456
-37303
-25332
90483
5499
-48043
-87183
-2
80763
18585
-89318
-50290
-58684
-32847
-64491
-70881
-67442
-26465
53423
91425
-77999
60287
-2994
34239
52529
47707
-16031
91102
56645
42689
61953
-19393
97193
-81853
-72351
79637
41526
78353
33096
50786
-52554
74222
-40411
-87339
83386
-1917
72961
-50887
55315
98087
35210
64241
90467
84208
20504
89996
96050
-77890
-72105
-87893
18413
31775
99763
-90806
20370
-49966
-92112
69427
34278
-25221
-1552
-33481
36416
-92890
67416
88371
-88651
39971
99715
31735
-69693
34375
-38441
14909
38052
-37893
40318
54084
-37339
-71675
-17294
22
82430
73364
-34081
66684
-80942
86683
72269
-79536
-1107
73350
42410
-99647
71972
-42072
-20052
13564
99973
39489
52448
-18558
66359
73750
65588
-98070
-34226
-96175
-12933
85625
-27876
-28105
-73316
85053
-44845
64087
50290
84392
-15754
-35341
75450
42762
42093
60904
-44852
-95072
-57018
-92960
-22706
-16426
53724
83989
36611
76590
51987
89547
-7714
11805
3024
12719
68062
-50694
21253
-38046
-58678
15318
-59884
-92042
-75923
-17224
87801
-66310
63632
-72042
-93735
-84593
1528
-78802
-4990
48184
55491
-8168
-99717
54462
-43361
-57305
-73317
49867
71540
-20015
79413
58848
53921
-76928
-88587
-68392
-88527
-29428
-48569
19435
22332
9542
61106
-68478
87180
17446
77658
88346
-35281
-57228
-84226
-16592
69054
53106
93147
47514
8126
-4563
39545
54568
-30971
24276
72057
15819
-75457
39162
-38065
96958
80389
-91459
-36435
-96278
-6361
-40574
-22503
-13016
32097
35339
89051
46357
-61013
-40168
-71018
-19701
-73385
-20659
-52054
-75475
-824
-41225
-45722
88493
55584
-60336
-86393
-42307
-23436
-77452
45158
46741
-64099
92364
85018
74549
-36745
31863
-33799
-41922
-66216
79190
77685
-97247
29178
-71351
56010
82623
-87142
-77324
77063
6482
-806
48955
-6569
-56926
-63475
14816
97287
58740
-62654
35155
33485
21096
77202
99002
-96029
-59750
-79950
-25258
-2591
35063
-98677
42499
60354
23281
-72532
-47320
-24080
26975
-15289
72489
4960
71665
-57301
3694
-35775
71378
-77803
70720
45503
-15979
-77083
78173
78662
-81688
-65567
47027
96291
2482
-12431
64506
83299
63325
-16373
79730
34488
-30136
-30579
-86567
-77092
44438
-59094
-50589
-34277
-57157
-67768
28530
-79426
33176
-84507
-22499
-80761
-79374
-57094
46957
41180
94824
-68665
67457
-74567
32708
64565
-37890
-11137
-83587
-27575
61628
-2755
22183
35198
81487
-75926
-72783
-96308
-31401
-10613
14005
-53543
97259
32528
95194
754
-72540
97215
25376
-12611
83707
58184
86654
90399
-65176
-36124
58643
57122
1102
-82241
63927
-36310
93751
19676
-97691
20286
91055
-90564
-75210
87824
60576
96545
-38062
85118
-47971
-80261
-28193
-47349
51274
55003
-18627
33960
-32496
59058
41164
5765
-73212
-28772
84186
-99408
-13043
-70968
2354
-69944
99819
53539
84254
76795
29375
79040
22488
-68605
97803
32466
-10562
-61791
30877
73198
93260
-3289
-25377
78519
-85630
49747
-48933
19805
-36223
-15096
2766
-81784
-30216
69515
19532
-47297
40852
-55931
-45319
-90506
77724
-3661
-81218
-9572
-94461
-26813
-11124
-36627
-53527
6628
75770
-62157
-22156
78479
87061
74944
-70237
85541
-45169
-42659
91461
79221
-45835
-38764
49345
-14926
-64242
-65784
66701
60808
80450
-85117
-80025
-82190
21833
75358
-42906
-36591
4771
23683
-75883
63485
72034
17974
-7788
21279
-11718
82232
51573
39517
46625
-23632
-28743
20358
53234
-39845
44933
-46134
-61600
-43585
-76781
68041
-29357
-87497
-65509
-60184
-7503
-61592
23550
74175
-50732
-70406
92870
-29319
-88410
-94637
-89857
-71774
-51660
-98853
15045
-93853
41083
144
86279
-70838
-36161
-73039
-57275
-82027
-96011
-85755
6174
48083
87890
-23949
35031
44133
92064
-40637
64348
22880
-5131
75001
-2409
57240
21009
-82265
74059
53252
50152
46606
-70436
-68214
-1642
-89898
46434
70625
68744
-61046
47931
-46834
-34932
90282
47014
-68828
-1419
88892
42767
-28871
20501
43587
-27293
53684
-32595
52917
-28194
-99000
-35241
28428
-27636
42165
37245
60000
-21456
91917
54457
-83154
65877
43442
-96349
-41302
-84412
42005
-6709
73102
-83876
-45296
-23880
35976
41286
56529
-27106
-37103
-78641
-17075
-26479
-8900
30218
59493
-17591
-99874
34168
-69478
-89022
23310
46225
-67399
-93640
-52328
-70043
33999
15585
33861
68322
-80808
77186
-76727
1208
52473
95388
-52182
9060
-77228
-57102
-22669
89227
-50894
95124
-72043
55146
-95809
994
-58769
-53223
4484
50617
-84847
-58215
23182
9084
87215
-74502
-4015
-63855
27391
-44096
-68862
-13665
-21173
-37703
88667
-48881
81121
-93226
-55193
-69258
-1146
-73012
93942
-80921
98024
-56258
21135
-43187
30437
39493
-22587
-92737
-35415
-55955
43707
48967
-33070
50169
64829
70290
9776
-79418
92919
-27132
26965
95106
-49909
-14218
92364
16043
92688
4498
38255
-13576
13367
57622
-27790
9490
88550
5826
70291
97359
-62932
71834
-95898
-50012
-66915
-65169
-82988
29862
-24866
9498
-25055
-38909
-46665
82323
55820
-65336
22322
-94774
857
-6118
-71377
-28626
-99458
63338
12480
-56083
48378
86572
-72577
83512
-73338
83225
67899
61863
36685
-81718
-13805
-48024
66771
15198
443
-72029
-64342
4326
-54669
-1940
-1077
-98152
-79386
41452
-31831
69868
-43553
15912
-17667
9354
99977
-95035
-81112
-99046
-59626
-18593
-32613
-67192
45543
-57090
3851
-49862
-24593
26424
-69829
-92122
95385
-43337
66495
76208
-57716
-49318
-71140
-75272
88695
-89370
20909
76698
-37801
-21298
86741
-38087
-2635
-4590
-26366
99447
84395
-82678
99438
14115
95054
16517
-64042
63399
9520
-98959
-90510
88194
48745
81375
36780
-51796
87352
-54666
-95218
93404
-68813
79547
-75001
-27840
-25940
-41716
83918
-75284
32288
-1932
34571
-60423
62386
-25227
71326
39457
-89586
13989
-60064
76435
-68972
-21733
93867
-52953
-30116
59553
-44332
60197
-56847
24286
-20309
31796
-90570
57303
-68619
-61052
-14982
-77715
47615
83277
88940
-75387
-97202
80809
60644
32022
7922
-85429
-17557
29049
-22977
38619
82239
-30243
-99680
-8003
-87188
-83665
72182
-24672
26627
69417
76325
-19540
-52679
22031
98152
-37792
18832
92075
61293
-1068
70535
-41775
71573
-64695
89939
50952
-56520
-59395
43733
-73996
-79528
-74714
-16327
88164
-46057
77764
-83026
32012
41813
41622
-60161
75172
-65953
-49694
27926
-61819
-40903
-76086
-79683
-45289
-21024
38825
-22598
-46918
84818
90888
-66294
-44115
48147
55898
-45047
-43537
46086
-1581
21383
-53173
-79331
-27246
-6625
-9463
-63533
-96924
76600
44544
5997
81342
27020
9442
-32556
-47940
60319
82210
-88164
81150
58261
60003
64348
58739
-17332
36324
67551
-11320
4377
48641
-29227
23499
37324
83848
22414
-69815
74734
-81095
3161
-24201
73588
36761
42574
70960
-26750
35488
94941
67880
69657
26732
-77629
-38747
-17498
10510
45233
94336
-15795
-54318
48844
50986
1111
39981
93607
23947
13748
47114
48425
95383
-28726
5568
93046
63792
-44377
14038
74154
-11217
46221
-44543
86275
81738
-54492
54891
90921
92635
-8543
-27953
64304
-61488
84482
22799
39267
32003
-18880
-80327
-15068
62282
19422
63567
3647
24585
-37353
-13754
77314
31187
51392
-48283
4495
66467
5592
-41486
-41068
-78727
70566
-42723
-56397
23822
93828
11307
48758
-10799
-67807
-44679
66211
26248
-6301
42564
68054
77003
-71980
-17669
-86861
50964
-5471
-9698
53315
-88495
86575
45907
-48652
-97907
-77117
-69773
-38399
86475
-80287
-40625
-37783
-23707
3831
-38169
60807
-95439
-11533
94790
-57983
-64681
-37980
-2232
-33930
47420
45595
51454
34785
-54243
-60483
-99122
75628
-13112
-484
87341
17429
-17308
-31741
59275
46849
-90132
79323
-54582
51063
-31289
-73421
89075
-70867
24717
89782
74741
-864
54667
-65606
68915
89383
-30073
86853
57992
68766
77130
75312
91960
29907
87039
96025
35399
-92153
-1766
-72729
-49465
15747
-93598
-91970
32962
67984
-73031
-56591
-4490
81813
25191
89511
-99240
-35754
25746
-43838
60416
97823
-58578
49115
-89837
-2957
57028
1043
-5302
4473
59316
-8061
55678
85929
85426
-25349
-40998
23664
54871
7768
-64268
-26879
-6389
-29410
-92865
90237
-77951
36103
-97774
-94756
-56217
-35392
69735
-10876
-86371
-78656
-1257
-1276
49488
3911
-44960
36859
25464
-73895
58132
32312
-43957
23222
-51069
-44323
-64910
-12956
-7914
-63011
-17546
87115
-26894
70205
-69630
-2402
-48969
-60739
20895
-92611
29136
-81636
-52024
-98972
-32110
45230
16472
-76106
60360
68873
-11862
-79617
-59445
-97247
46215
-30481
40740
-20514
-43473
-20074
-33635
85780
44577
-70573
-82393
-8820
-64507
-17854
35140
40671
58249
-75753
-74831
72993
38527
-76209
90939
57896
53384
-4400
-64280
-97214
57757
-83747
-60324
6385
-73847
-97488
-10213
-21811
30903
-96964
74026
20440
42709
72449
11487
9825
15434
-75660
-46999
41357
53244
-77608
-97591
-99615
91395
-45712
46006
-9613
-1679
28092
25829
30163
71051
38806
15425
-7947
-62921
-10279
-88902
56017
29057
-42573
87838
48649
11464
-52488
-47934
-1727
82712
-13975
45037
59459
79632
-32272
-69442
38569
-82433
46833
-51926
97472
-65853
45513
89792
91906
-65256
-74658
-74918
644
-76157
-2921
70088
50413
69782
84
-98676
-36144
-54491
-5645
71310
15471
99632
58953
99420
97542
89331
41566
-30472
-27284
97257
92111
29920
31986
15538
35163
78613
-70639
-31615
-29402
-23420
-8716
-75500
24166
-7916
-69166
-86573
51193
50065
80709
95852
-35526
-50145
71317
93867
-11257
-91046
-83936
-41699
94101
-94309
-98089
-70811
-85766
-24260
13217
-99556
94772
13438
23296
-42344
-9394
-61216
19931
-66570
44733
82947
83921
-19078
-49800
-73414
-5416
-34108
-8833
67154
43093
84802
-74782
24588
1629
31757
4665
-52041
12092
72298
79925
66154
12190
-3049
3966
-61752
2339
79218
-17713
42685
-76831
55451
2783
-26395
-60725
-80320
79814
5881
-38638
-42522
50976
-29336
-323
30898
-68749
-61811
-48326
932
-71237
2919
-5102
-37785
-98136
-29279
36744
73515
40026
-97587
-64446
14658
9640
16302
-59441
31055
14672
90099
35645
64296
94930
-25320
-65736
-54499
77445
-7886
-6360
80947
-37716
79256
41553
39040
92012
-20379
20101
-40801
-41614
54662
68144
-9484
-12100
70148
75988
-77450
92174
6881
40434
28121
-88465
73362
-87431
-6382
96701
8631
61004
-84438
-21494
99065
35415
78219
67273
-3674
24944
42850
-2884
-12843
-22318
84957
13778
-97381
66973
2218
81545
42493
96053
62424
-19347
-17807
43507
76075
43600
-47419
49616
37699
56770
97462
46565
34472
-73546
-28897
65651
3426
47658
-75908
99976
80367
26773
77608
-75726
-98084
62848
-87422
-9461
-59814
-41843
-48691
84325
83053
-67379
-16095
55834
38387
65102
17540
-5235
36994
-46068
25630
-44572
62797
-86490
15766
2955
-15735
-68342
-45676
83121
-31240
-70304
32863
88574
22913
-78084
-23656
-72468
-42640
3763
82879
-75004
37158
-57051
88725
43869
69906
9169
81975
73317
24603
47138
-2642
624
-52237
-35396
-22835
15725
47475
14808
21906
-35397
47212
-40542
-85346
66064
1227
30868
-75430
-10827
64684
25526
-79134
-9327
9408
-35001
-67129
41121
-29161
-4555
-26547
-8679
97843
-74875
72528
8633
-38780
-78158
-62321
-86790
31467
59271
-47944
57004
-42489
-8182
2120
-67195
-48339
76173
-80320
7350
-55989
47626
32816
96773
99948
-74048
-22383
5549
7156
-76024
-6495
-26824
-73053
-45705
-33519
38959
82421
-95257
-42929
64928
-60806
-57991
58734
76839
-49884
-18000
57253
49808
-38823
51304
-57019
-48630
-9742
39641
-75164
34503
23653
-52910
27462
-113
46772
10724
36240
-15987
53591
-962
21887
-54732
-80018
5365
20195
-91577
-80501
-98794
-49403
-16781
-70404
-80061
61769
97979
-19854
30500
58106
34038
-87589
49682
9710
78512
10687
-35813
-48904
87667
-90057
94581
58246
80198
21302
43391
-31995
-91513
-59326
47239
86315
-66948
-75350
57390
2973
75839
-23124
2087
-16629
-83361
-51221
14959
63900
-87699
51444
-18633
86166
-56877
-80071
-35776
21072
-43830
42282
60856
-31835
-33036
-99571
-87685
5893
72923
50980
30635
-40701
4538
80208
25954
86637
-347
-7825
10199
-1728
21540
-66394
-30921
-89337
48082
16971
3063
45051
84761
-62374
-62405
46072
-19470
9935
-95666
-12439
-46655
-68863
58226
19086
6847
-60155
68604
91719
-86024
96966
-32405
99475
95668
-16072
79149
19079
42736
98274
60151
-77863
83288
-28671
-51359
-20193
-15656
-55885
66618
-67498
-31823
2545
-7919
542
-41217
-20681
-14393
-43794
-89327
-8747
84941
2402
-1273
-26234
-99758
-91655
78568
-53396
-48713
77512
-85749
944
89792
-38424
-15345
-85309
-16702
-77281
58043
-71362
-12896
-48199
77630
-27010
-57306
86977
20137
457
-32930
-64745
-70900
9835
-71193
95286
17304
16353
3002
-34018
88243
67781
-28371
-57328
36917
19380
78918
-72110
61260
-64265
12297
73125
-50678
52243
23562
23996
-74539
74216
-89204
-61396
-5733
-33952
33631
78577
82321
-53276
-85978
94521
93582
-19018
56632
57592
-10048
74037
-69715
76616
1882
-3368
-59370
-42455
-22893
-24587
-24131
91509
-56203
-46068
-99804
98037
-48565
-11748
53322
-58075
71774
79075
-29049
23945
87171
32139
21848
-30877
-66284
41339
-4170
-40287
-39914
18926
-45362
-21596
36594
-77197
-94041
-97695
83262
73985
-85890
95783
-90585
-53523
68700
86837
-47416
28626
-19966
50570
-5001
-33580
-99945
86487
-22243
22216
-10603
58375
17763
-18083
26350
-11755
29663
-7646
-4044
43295
10511
-75821
51402
52003
-84278
45565
99336
66592
99891
99315
-61699
29087
26682
-82422
-90400
-88706
-55485
11443
-79716
-72096
12482
42756
-56108
-28987
39584
-55334
39941
88225
2544
-46943
39198
97279
72349
-86794
-87937
-85385
65378
58014
-11546
-93670
95384
-55154
78496
34197
78636
-76651
16559
34152
1554
44782
86862
-61309
69408
37251
52700
63735
80637
56604
-25066
-58227
51732
-25367
-58705
-20371
-52341
-93569
-5096
-3485
26130
-95426
45662
-48141
-90712
-56957
17601
65976
48201
-35142
6263
51117
-69955
13500
-14653
-37549
-98215
55622
-97238
21103
66292
71300
-5493
-79176
-74993
-64678
-16044
54015
53309
-34356
9371
84734
3461
4508
-20488
-89797
54002
49232
-33169
-72065
-93091
-63779
52337
-65953
88518
52965
-88992
64699
93064
6494
-52005
39118
99465
-44419
99134
-34612
-55937
20144
30742
22249
-23781
-49519
-17445
50986
99924
-64943
25686
87872
60949
-32458
-40944
-31280
-21399
47579
14425
-15213
-71555
60399
-27259
-332
14556
39481
96350
58603
-56588
-95773
99567
23508
-82905
-15620
-4709
-23682
74792
67659
74083
70411
9653
22204
-93
33267
-14560
-63100
-68637
-19470
61782
-97857
-16293
51581
58232
-98236
-68696
-23468
-85298
-745
15451
19749
-40735
-50043
-50415
-43503
76448
-62137
-51986
14228
-99073
29108
-78722
-58760
-91795
78411
94638
63051
89122
8571
74348
-25576
-79689
-25313
63407
-40464
36663
-17539
-42481
47663
59252
20863
-76327
-789
-28779
-56283
-31109
75027
-95294
-89760
-76284
40092
58923
-38166
98146
44601
12809
41209
-26410
-96431
4173
28382
63593
-66810
-11419
85895
-95900
95175
-36305
91934
-20058
-97517
31155
-68915
2548
82733
-46224
68766
25034
-70401
37674
-60522
-49922
-35961
9829
66661
-89555
18118
-18406
56372
40187
-98337
78837
89385
-96483
-96152
-8126
-70938
-29142
13286
52866
-47984
-32951
-4754
13377
-99958
-62298
25181
9097
73851
-42631
96726
71370
-69213
-60535
-51919
-96579
-27528
60394
47713
94588
-38635
14670
-47095
-24403
-24032
-48648
58511
-85995
69708
-80452
74893
-64876
69949
-71586
89696
78338
25240
9188
-24038
62080
91658
72287
-3380
74125
33346
29624
31575
72510
21478
62306
55359
-1077
96987
60802
-34966
23270
-53013
83071
33537
19524
-6475
71991
-63681
-79804
-5508
-60736
-10997
65878
29547
18748
-7162
-63476
45594
2685
99934
70396
39171
-15473
-70679
-69977
-11869
-57372
10162
72068
-1809
86587
23107
-61871
27662
41060
36770
-16581
-70541
-54906
-97383
77541
-36231
-74580
-61596
-52714
-86833
-81235
57711
40347
94200
-22788
-27238
37765
67559
63893
-3643
72007
97987
23139
-59602
-91327
98589
3772
-61462
20963
-2482
-86552
-62568
91153
87937
-25899
-71570
25250
6125
8849
-66094
-53256
53705
91194
46168
58926
64728
62277
-440
-79197
50726
34859
-92401
-93210
83254
27237
-28621
28601
27815
51443
-14011
50312
25906
-56387
94416
-83132
-53238
-64107
-64894
-27032
14301
23170
-76962
-93251
-21888
53977
84675
-26797
18688
-64253
-97895
47705
-60023
-20986
-64789
92972
-37430
8458
38929
-15367
62400
-28979
-109
-67951
58449
56541
65245
-99541
-67972
74293
-14461
-81906
-43160
-67578
-70078
48484
-37396
-73325
-86617
-44912
45678
96923
44431
-12789
11812
-92206
52502
71930
-77295
73668
-82438
77132
81496
94354
-82
-14812
-79330
-26441
88
63817
99190
-1264
48874
-3643
25399
-55541
-60921
79993
-61465
-38960
-76964
96464
43467
-91767
98478
-47911
21691
79372
38704
-47227
21394
91427
18655
-1780
-41354
-52448
16253
3408
69734
15852
-16158
34367
4931
-98691
53104
-90590
-73994
-81992
88595
-71752
21641
79582
7777
-77090
-75167
26610
63061
7972
96550
19906
-48059
68767
93280
-47029
-82951
-57440
98649
50667
-51610
-58849
45391
86259
32376
-80208
86516
-66404
-74191
45109
3728
-92065
-22079
70218
-28983
-60317
-7582
15079
-74165
-57010
38763
250
85544
-10100
99073
-98544
74735
-99143
15666
-37338
47081
-21505
12329
95285
11038
-96269
-51292
63830
46211
-5827
69832
41820
27675
-24623
-67667
54349
-80752
32156
51973
35016
-74839
19923
23925
34653
92314
-56691
-51217
45099
91124
15269
15077
63334
-29593
-58353
96609
48816
-93907
-19855
-84016
-19983
-71346
8948
-79077
20309
-59168
91716
-75345
-5850
13405
-46569
-29279
72929
77020
72959
32421
-24455
38514
67298
39508
9108
18361
-41498
-17745
83485
50465
-28986
48091
-44097
50496
16496
7445
83974
-43439
-51788
28
-93927
-14238
2922
-36977
-82776
10534
68619
-70637
60944
16431
-27052
-68941
-17863
-69489
-65254
-84592
70748
49924
75939
-49316
-23764
-14523
79863
9166
94768
-29111
66444
13321
-10057
-34120
33290
-30722
94513
-52765
-35546
86710
2410
99942
-37694
15428
33535
29835
-6130
-65794
-93802
-34292
-83916
65526
-33173
-34901
92583
-14357
58593
96583
88177
-67868
33353
-11114
27562
51332
-83489
-55346
-7741
50229
-47903
68389
45766
40107
-35769
60235
47627
-35689
-33621
-8813
-82551
-19312
19224
94459
66186
-98816
-99533
-51314
-51269
62974
-67040
21802
-50947
-37369
-95462
-33208
-19197
17444
92123
35209
-5139
-39213
-20083
-31447
36668
-45059
-99476
-53535
84037
-36706
92401
-50929
4355
56750
-6019
17279
77189
-14780
-13828
54199
-71420
23817
86071
83552
10710
31506
-80260
58483
-58721
51766
-54964
55266
59179
5210
31593
-22043
-56111
56733
5217
66000
-47503
-67504
42332
4669
-48546
-99277
23021
-66303
-26154
-62979
-15942
-264
-45372
16090
34739
-78963
-26929
-4015
-68662
78175
-28096
-4184
-51723
-10209
41043
1952
90442
-93188
-72842
72859
40906
6473
-9881
28556
-5043
22428
-44252
-95324
21955
31594
-54143
97570
-19902
12394
85420
-48171
36743
-69942
26283
53830
-94901
-39082
59657
77684
18931
53478
82224
-24408
-8610
24295
-7491
-21048
-90556
-46205
27506
49950
-89383
-29138
-64530
97481
-94274
-48822
-98470
42364
7793
-82651
-84069
99941
-97231
-24941
-51691
68086
-11740
75063
46452
82401
77828
-89916
-802
-52277
9369
-80838
62511
37206
1351
82313
-72082
48855
-847
73865
90252
-35199
-16679
42484
83656
-37049
-41858
88269
66012
50521
-12928
3351
2642
65075
46111
-60021
-82281
65202
-59074
-54664
20572
-65862
5753
54113
70315
-3765
59117
94147
-41493
13600
11650
52643
5198
18299
-40289
-148
-68816
-58717
-46968
971
78806
-45596
-14120
91963
-95943
-85799
-50053
-59752
-82367
-65178
-73448
34943
-8524
-91799
-77943
14076
-97588
54084
-46972
42459
85581
36094
4798
-94444
14118
-40521
62719
-96971
-86897
-46218
-73869
-76603
5726
-56921
-84754
77016
77805
-90219
-82602
-62691
45127
59400
49807
-81131
53498
80259
-87780
-42492
12267
60777
22587
-54355
46451
7251
-25588
-80703
29572
-3662
-35330
67189
-20623
93867
27581
20742
-10981
-82173
72035
-39143
-59783
59415
-28464
-46797
-63132
-60841
60833
-95234
-43852
-38771
6817
-25001
74381
-30372
-66191
-63945
-38934
62056
19283
-69975
67790
-96595
49591
60948
91201
-54756
58579
8111
-28575
13542
74153
23378
56526
88970
55949
65170
-63533
81408
29058
-3920
55593
82358
98825
-87200
7120
26757
-92518
11427
80735
28131
24102
-5310
9615
-18869
-34687
61921
38488
-5885
-80097
-37712
25297
-66867
77654
-74605
83085
24009
-60805
-56067
-46574
-24675
62697
-75382
25764
-86616
-30559
-24414
-25981
-1736
54032
63234
31525
19700
84046
-43043
7271
-20727
-86222
22486
-60625
49098
-44518
-11228
-98728
-74033
96560
33240
99981
-8942
-85993
-73080
-9049
-49886
58074
22663
-88533
98970
-82366
-7392
85726
-12399
945
-26448
75906
-44696
-39805
83788
-45830
42157
-3538
80183
19118
-72635
89394
-86899
-85160
-69925
-4970
-24362
85341
-42826
60664
44654
83732
86216
6085
59420
47195
79259
-52606
76942
-32945
-56300
22142
48303
67960
-72069
12200
-61754
74091
71186
29975
-17293
54003
7696
70414
92547
11421
13994
-70447
24061
21682
44207
3436
20129
33598
-24136
19423
54450
41772
-2413
-16658
-83000
23270
82218
8258
33493
-9642
20626
-80066
-98296
-62117
-75953
-1191
-64030
-44262
-69067
-47505
14797
21462
-34360
48384
-20954
81344
-93554
-57961
-77328
63799
2405
-28786
-81723
-65732
63644
-76742
-33718
-95383
83419
-71088
-15123
32088
63981
86693
-26510
-8893
34949
7614
-38094
-32522
13092
-24016
-59550
-58151
-39308
-68713
-25261
5894
57397
-61264
-45263
-72702
90010
96535
5883
66093
46525
24093
59547
5349
23250
-25638
-43465
-76400
19091
-82251
-66461
-68567
32270
89289
-22695
41954
7398
36936
-74550
16309
-85910
-57049
16905
-49250
-39117
71504
94026
-68214
14990
-6449
25252
-32405
67489
-30533
-67801
4264
-90060
80849
-26812
-49513
84018
-66896
-342
98569
256
-43504
-60232
-21978
79150
39788
21843
16539
-60768
96787
31944
-81058
-90106
-36176
-77367
-57769
89545
93168
47338
5349
20205
-66686
27124
96738
-73438
-40294
-84171
75752
28056
21001
56593
71669
37580
42122
-31930
72243
-31179
79871
-74855
-55153
-11612
-89350
-80230
-18329
-6939
20461
2825
-5597
39411
2407
64971
-28804
-73795
-25667
19114
54727
-47550
-27070
68232
-87126
-43284
-63243
82470
99600
95210
23367
-79301
60289
75484
-93533
-89882
38284
-14880
-11776
-76216
76209
30772
75023
-22188
-84054
-83788
-38166
31567
-40194
31655
-53819
-30045
45573
-22858
-19776
95632
90144
-27891
-39806
-76931
-58344
31051
-77250
57007
36781
-23785
-9579
96509
-9555
50926
-38515
-73580
10164
84360
5767
67023
30375
-22264
-36995
63594
29945
-42159
56142
-27837
46410
-79679
7016
22548
-94973
62209
79772
23272
54235
-32930
63214
57034
-88333
96849
57820
-16302
-35461
-59273
-24608
-89001
-37628
96247
-98733
54850
-67441
-39571
-53962
-95455
-7963
13403
4882
-41580
-47015
-42725
70857
78999
27315
-63794
18694
87790
76455
54366
-79653
58033
49736
29437
-95596
-43327
42943
25538
89532
54338
-72261
35744
2303
-14916
64926
39564
65789
77026
64833
-61567
-31813
41555
-28763
-77222
99275
28628
-93956
28740
68426
10874
-1760
-70215
75385
6535
95633
37054
-77808
6651
48893
22543
-51608
-57192
8848
-51871
33560
-86339
15412
33566
22667
-11641
70314
-81244
-97136
-61112
-84817
45538
-89780
46476
-78679
73478
-87926
-80516
-14561
-11495
-74791
-23500
12290
-11627
12341
23783
-92301
47159
-4825
-66811
84683
-99613
-75160
30959
3953
74702
23005
66399
-77539
38988
20757
-2903
59850
-92964
36081
-91657
16542
-30388
-53211
20048
-32059
-41163
56435
-76007
-26601
-1038
39313
-10676
-94437
39251
36263
-81713
-89742
98870
-62124
42031
36228
-90115
71427
-15939
18001
95991
-37042
29015
27217
53231
90522
49299
51918
-78191
84427
18205
-95068
60785
-38477
-9609
-94371
-88950
-20206
95460
81902
58667
-84678
81375
-8255
-24253
-30375
-27647
-36772
76035
-62517
1131
-52207
-35728
-84584
35967
96414
26013
-75742
24846
83783
51441
52596
405
-51297
-73579
78611
-24881
-30300
-72853
-37897
88254
69469
64523
74729
52824
29616
-61463
86440
39830
53256
67664
49061
-13758
68132
-12148
53151
-36571
63639
-17
-94340
-96582
23806
-45231
-1848
-39547
6625
11139
-28024
-95770
98718
47520
34310
9034
-17571
74931
11672
-65434
-10108
-65895
-75706
-96619
39482
59845
5233
87616
-49070
94573
78178
-9999
23337
-60268
-82416
37267
26255
99024
-93948
-84664
-33683
12617
-98865
51217
59602
43483
-38269
25111
88544
2307
4523
19403
-44110
53208
-56947
-70408
-74725
53613
-26391
-39706
91851
-20231
-71304
-51609
82801
-88498
57702
-69607
99259
16029
-9750
-30265
-81132
-82679
58466
-96738
34761
53984
-53888
31048
-52626
27880
-27722
28136
27738
-4644
48013
-41866
87395
42936
-76571
-80209
-16816
18838
37256
-51329
87717
82609
51702
-61752
23573
25615
97855
-91505
77757
45550
-39170
-28890
-82094
85196
-51441
-7295
-73115
89608
-5445
-8566
-32433
-21243
59152
-69351
-54799
-83368
-10961
-26478
58854
99196
69688
45271
86416
5287
-94363
60154
-56029
92372
98554
-89670
28224
-87876
28142
33254
-73102
37244
-56842
-1378
-67174
39926
62185
-62594
-36144
-98038
-60814
94791
19455
64206
8486
-88430
29193
-20360
5176
15587
-18845
5220
-46375
-63513
85311
-16840
-94777
96153
-63786
84392
-43365
16103
-1662
21512
-98476
-28548
89990
87415
-60268
-31110
-14040
-46970
74511
-95504
67112
-64212
-41140
71075
9351
-85040
19528
95163
65759
-85094
69506
746
-62990
90118
98527